ENVIANDO HOJE ===========================================
Na Tray:
30379,30389,30387,30395,30365,30367,30371,30359,30373,30377,30397,30361,30363,30381,30401,30385,31123,31009,31057,30393,30403,31193,31197,30331,31129,31135,30933,31109

Na Bling:
30379;30389;30387;30395;30365;30367;30371;30359;30373;30377;30397;30361;30363;30381;30401;30385;31123;31009;31057;30393;30403;31193;31197;30331;31129;31135;30933;31109

Para Gerar NFs:
31193;31135;31129;31009;30933;30403;30401;30395;30387;30363;30361

ENVIANDO JUNTO ===========================================
Na Tray:
30447,31227

Na Bling:
30447;31227

ENVIADOS NA COLETA ===========================================
Na Tray:
31109,30361,31135,30367,31129,30377,30933,30381,31057,30389,31009,30373,31123,30359,31197,30363,30379,30447,30403,30401,30387,30371,30397,30385,30331,30395

Na Bling:
31109;30361;31135;30367;31129;30377;30933;30381;31057;30389;31009;30373;31123;30359;31197;30363;30379;30447;30403;30401;30387;30371;30397;30385;30331;30395